1.000000 0.000000 0.000000
0.000000 1.000000 0.000000
0.000000 0.000000 1.000000
1.000000 0.000000 0.000000
0.000000 0.866025 -0.500000
0.000000 0.500000 0.866025
0.866025 0.000000 0.500000
0.000000 1.000000 0.000000
-0.500000 0.000000 0.866025
0.866025 -0.500000 0.000000
0.500000 0.866025 0.000000
0.000000 0.000000 1.000000
0.866025 -0.000000 0.500000
0.250000 0.866025 -0.433013
-0.433013 0.500000 0.750000
0.866025 -0.433013 0.250000
0.500000 0.750000 -0.433013
-0.000000 0.500000 0.866025
0.750000 -0.500000 0.433013
0.433013 0.866025 0.250000
-0.500000 -0.000000 0.866025
0.625000 -0.433013 0.649519
0.649519 0.750000 -0.125000
-0.433013 0.500000 0.750000
